
--------------------------------------------
   | 0 | 1 | 2 | 3 | 4 | 5 | 6 | 7 | 8 | 9 | 
--------------------------------------------
 0 | 1 | 0 | 1 | 1 | 0 | 0 | 1 | 0 | 1 | 0 | 714
--------------------------------------------
 1 | 0 | 1 | 0 | 0 | 1 | 0 | 1 | 0 | 1 | 1 | 299
--------------------------------------------
 2 | 0 | 0 | 1 | 1 | 0 | 1 | 0 | 1 | 0 | 1 | 213
--------------------------------------------
 3 | 1 | 1 | 0 | 0 | 1 | 0 | 0 | 1 | 1 | 0 | 806
--------------------------------------------
 4 | 1 | 0 | 0 | 1 | 0 | 1 | 1 | 0 | 0 | 1 | 601
--------------------------------------------
 5 | 0 | 0 | 1 | 0 | 1 | 1 | 0 | 1 | 1 | 0 | 182
--------------------------------------------
 6 | 0 | 1 | 0 | 1 | 0 | 0 | 1 | 1 | 0 | 1 | 333
--------------------------------------------
 7 | 1 | 1 | 0 | 0 | 1 | 1 | 0 | 0 | 1 | 0 | 818
--------------------------------------------
 8 | 1 | 0 | 1 | 1 | 0 | 1 | 0 | 1 | 0 | 0 | 724
--------------------------------------------
 9 | 0 | 1 | 1 | 0 | 1 | 0 | 1 | 0 | 0 | 1 | 425
--------------------------------------------
    614 333 659 682 341 182 809 218 852 425
